19 19 0.285714
17 19 0.3
15 19 0.875
13 19 0.454545
11 19 0.5
9 19 0.923077
7 19 1
5 19 0.75
3 19 0.64
1 19 0.555556
-1 19 0.0555556
-3 19 1
-5 19 1
-7 19 0.666667
-9 19 0.538462
-11 19 0.571429
-13 19 0.636364
-15 19 0.857143
-17 19 0.333333
19 17 1
17 17 0.285714
15 17 0.538462
13 17 0.7
11 17 1
9 17 0.5625
7 17 0.818182
5 17 1
3 17 0.636364
1 17 0.352941
-1 17 0.615385
-3 17 1
-5 17 1
-7 17 1
-9 17 0.857143
-11 17 1
-13 17 0.923077
-15 17 0.909091
-17 17 0.5
19 15 0.125
17 15 1
15 15 0.909091
13 15 1
11 15 1
9 15 0.6875
7 15 0.714286
5 15 1
3 15 0.666667
1 15 1
-1 15 0.277778
-3 15 0.7
-5 15 1
-7 15 1
-9 15 0.818182
-11 15 1
-13 15 0.684211
-15 15 0.888889
-17 15 1
19 13 1
17 13 1
15 13 0.533333
13 13 0.818182
11 13 0.916667
9 13 1
7 13 0.722222
5 13 0.733333
3 13 0.538462
1 13 1
-1 13 0.7
-3 13 0.916667
-5 13 1
-7 13 1
-9 13 1
-11 13 0.615385
-13 13 0.538462
-15 13 0.411765
-17 13 1
19 11 0.428571
17 11 1
15 11 0.318182
13 11 0.833333
11 11 0.642857
9 11 0.928571
7 11 0.5
5 11 1
3 11 0.666667
1 11 0.3
-1 11 0.583333
-3 11 0.533333
-5 11 0.529412
-7 11 0.75
-9 11 0.866667
-11 11 0.428571
-13 11 0.8
-15 11 1
-17 11 1
19 9 0.409091
17 9 0.666667
15 9 0.6
13 9 0.5
11 9 0.333333
9 9 0.409091
7 9 0.5625
5 9 0.631579
3 9 0.733333
1 9 0.823529
-1 9 0.222222
-3 9 0.37931
-5 9 0.483871
-7 9 0.625
-9 9 0.5
-11 9 0.923077
-13 9 0.4375
-15 9 0.411765
-17 9 0.5
19 7 0.727273
17 7 0.75
15 7 0.583333
13 7 0.636364
11 7 0.909091
9 7 0.352941
7 7 0.846154
5 7 0.142857
3 7 0.32
1 7 0.368421
-1 7 0.466667
-3 7 0.631579
-5 7 0.241379
-7 7 0.384615
-9 7 0.15
-11 7 1
-13 7 0.380952
-15 7 0.769231
-17 7 0.3125
19 5 0.909091
17 5 1
15 5 0.75
13 5 0.388889
11 5 0.357143
9 5 0.4375
7 5 0.285714
5 5 0.434783
3 5 0.4
1 5 0.263158
-1 5 0.37037
-3 5 0.217391
-5 5 0.2
-7 5 0.434783
-9 5 0.434783
-11 5 0.466667
-13 5 0.533333
-15 5 0.428571
-17 5 0.363636
19 3 0.291667
17 3 0.588235
15 3 0.5
13 3 0.125
11 3 0.714286
9 3 0.666667
7 3 0.705882
5 3 0.2
3 3 0.28
1 3 0.142857
-1 3 0.210526
-3 3 0.5
-5 3 0.263158
-7 3 0.111111
-9 3 0.5625
-11 3 0.571429
-13 3 0.2
-15 3 0.923077
-17 3 0.75
19 1 0.647059
17 1 0.785714
15 1 0.222222
13 1 0.142857
11 1 0.444444
9 1 0.411765
7 1 0.375
5 1 0.285714
3 1 0.6875
1 1 0.24
-1 1 0.111111
-3 1 0.25
-5 1 0.5
-7 1 0.413793
-9 1 0.631579
-11 1 0.315789
-13 1 0.380952
-15 1 0.291667
-17 1 0.470588
19 -1 0.277778
17 -1 0.409091
15 -1 0.222222
13 -1 0.25
11 -1 0.47619
9 -1 0.409091
7 -1 0.5
5 -1 0.285714
3 -1 0.285714
1 -1 0.434783
-1 -1 0.25
-3 -1 0.333333
-5 -1 0.380952
-7 -1 0.2
-9 -1 0.5
-11 -1 0.333333
-13 -1 0.318182
-15 -1 0.333333
-17 -1 0.357143
19 -3 0.285714
17 -3 0.3
15 -3 0.642857
13 -3 0.217391
11 -3 0.315789
9 -3 0.25
7 -3 0.454545
5 -3 0.636364
3 -3 0.230769
1 -3 0.192308
-1 -3 0.181818
-3 -3 0.571429
-5 -3 0.166667
-7 -3 0.521739
-9 -3 0.09375
-11 -3 0.555556
-13 -3 0.269231
-15 -3 0.238095
-17 -3 0.304348
19 -5 0.166667
17 -5 0.0769231
15 -5 0.444444
13 -5 0.210526
11 -5 0.2
9 -5 0.269231
7 -5 0.0909091
5 -5 0.5
3 -5 0.15625
1 -5 0.296296
-1 -5 0.26087
-3 -5 0.25
-5 -5 0.233333
-7 -5 0.24
-9 -5 0.190476
-11 -5 0.4375
-13 -5 0.333333
-15 -5 0.08
-17 -5 0.4375
19 -7 0.277778
17 -7 0.411765
15 -7 0.214286
13 -7 0.533333
11 -7 0.263158
9 -7 0.375
7 -7 0.151515
5 -7 0.192308
3 -7 0.333333
1 -7 0.263158
-1 -7 0.533333
-3 -7 0.21875
-5 -7 0.307692
-7 -7 0.166667
-9 -7 0.3
-11 -7 0.416667
-13 -7 0.238095
-15 -7 0.185185
-17 -7 0.4
19 -9 0.625
17 -9 0.529412
15 -9 0.454545
13 -9 0.266667
11 -9 0.266667
9 -9 0.136364
7 -9 0.37037
5 -9 0.344828
3 -9 0
1 -9 0.166667
-1 -9 0.259259
-3 -9 0.148148
-5 -9 0.130435
-7 -9 0.272727
-9 -9 0.642857
-11 -9 0.4
-13 -9 0.0666667
-15 -9 0.583333
-17 -9 0.222222
19 -11 1
17 -11 0.478261
15 -11 0.4
13 -11 0.26087
11 -11 0.210526
9 -11 0.1
7 -11 0.115385
5 -11 0
3 -11 0.181818
1 -11 0.0689655
-1 -11 0.0689655
-3 -11 0
-5 -11 0.24
-7 -11 0.16
-9 -11 0.137931
-11 -11 0.214286
-13 -11 0.45
-15 -11 0.375
-17 -11 0.625
19 -13 0.692308
17 -13 0.590909
15 -13 0.615385
13 -13 0.631579
11 -13 1
9 -13 0.40625
7 -13 0.291667
5 -13 0.09375
3 -13 0.178571
1 -13 0.04
-1 -13 0.16
-3 -13 0.04
-5 -13 0.107143
-7 -13 0.157895
-9 -13 0.521739
-11 -13 0.478261
-13 -13 0.321429
-15 -13 0.521739
-17 -13 0.8125
19 -15 0.833333
17 -15 1
15 -15 0.409091
13 -15 0.727273
11 -15 0.625
9 -15 1
7 -15 0.619048
5 -15 0.423077
3 -15 0.736842
1 -15 0.142857
-1 -15 0.2
-3 -15 0.285714
-5 -15 0.590909
-7 -15 1
-9 -15 0.6
-11 -15 1
-13 -15 0.888889
-15 -15 0.785714
-17 -15 0.6
19 -17 0.526316
17 -17 0.736842
15 -17 0.764706
13 -17 0.666667
11 -17 0.8
9 -17 0.607143
7 -17 0.545455
5 -17 0.764706
3 -17 0.5625
1 -17 0.0740741
-1 -17 0.153846
-3 -17 0.0606061
-5 -17 0.6
-7 -17 0.761905
-9 -17 0.424242
-11 -17 0.45
-13 -17 0.705882
-15 -17 0.5
-17 -17 0.5
